Q-values [(1, 1), (1, 2), (1, 3), (1, 4), (2, 1), (2, 2), (2, 3), (2, 4), (3, 1), (3, 2), (3, 3), (3, 4)]
E         -0.06  -45.58    0.00    0.00    0.32  -46.16    0.00    0.02    0.00    0.56   -1.40    0.01
N          1.16   -1.09    0.00    0.00    1.20   -1.23    0.00    1.66    0.00    0.23  -18.86    0.07
S          1.48   -1.03    0.00    0.00    1.93    0.07    0.00    0.00    0.00    1.42   -0.30    0.01
W          1.17   -0.17    0.00    0.00    1.52    0.14    0.00   -1.03    0.00    1.89    0.54    0.20

Q-values [(1, 1), (1, 2), (1, 3), (1, 4), (2, 1), (2, 2), (2, 3), (2, 4), (3, 1), (3, 2), (3, 3), (3, 4)]
E         -0.33  -41.30    0.00    0.00    0.48  -43.20    0.00    0.30    0.00    0.01    0.13    0.09
N          1.14   -1.41    0.00    0.00    1.18   -2.20    0.00    7.96    0.00    0.32  -10.91    2.15
S          1.47   -1.27    0.00    0.00    1.93    0.73    0.00    0.19    0.00    1.09   -1.16    0.09
W          1.13   -0.68    0.00    0.00    1.53   -0.71    0.00  -10.26    0.00    1.90   -0.67   -0.02

V-values   1.47   -0.68    0.00    0.00    1.93    0.73    0.00    7.96    0.00    1.90    0.13    2.15
pi            S       W       W       W       S       S       W       N       W       W       E       N